1 Tractor 32D 2005 25000.00 20000.00 15000.00 20000.00 MrTractor MrTractor@gmail.com 871234567 1 1
3 Excavator 34D 1995 23000.00 19000.00 15000.00 20000.00 MrExcavator MrExcavator@gmail.com 871234567 2 1
4 Roller 36D 1980 27000.00 27000.00 15000.00 20000.00 MrRoller MrExcavator@gmail.com 871234567 3 2
6 Crane 38D 1970 30000.00 74000.00 15000.00 20000.00 MrCrane MrCrane@gmail.com 871234567 4 1
8 Mixer 40D 1960 40000.00 54000.00 15000.00 20000.00 MrMixer MrMixer@gmail.com 871234567 5 1
10 Tractor 32E 1955 25000.00 10000.00 15000.00 20000.00 MrsTractor MrsTractor@gmail.com 871234567 1 1
12 Excavator 34E 2000 20000.00 67000.00 15000.00 20000.00 MrsExcavator MrsExcavator@gmail.com 871234567 2 3
15 Roller 36E 2010 15000.00 98000.00 15000.00 20000.00 MrsRoller MrsRoller@gmail.com 871234567 3 2
78 Crane 38E 2015 10000.00 13000.00 15000.00 20000.00 MrsCrane MrsCrane@gmail.com 871234567 4 3
80 Mixer 40E 2020 130000.00 15000.00 15000.00 20000.00 MrsMixer MrsMixer@gmail.com 871234567 5 1
0.00 0.00 0.00 0.00 0.00